Record Nn' Vn' Fn' On'  Nv   Vv  Fv' Ov' No' Vo' Fo'  Q Se   Q +P   V Se   V +P  V FPR
s20011 95834   1   0 7534   0    0   0   0 3838   1   0  96.15  92.71   0.00      -  0.000
s20021 87670  91   1 6069   0    0   0   0 790  46   0  99.06  93.53   0.00      -  0.000
s20031 102536   0   0 5288   0    0   0   0 6571   1   1  93.98  95.10   0.00      -  0.000
s20041 99142 4416   4 6548   0    0   0   0 3436 1992   3  95.02  94.05   0.00      -  0.000
s20051 98250   1   2 3642   0    0   0   0 13969   1   0  87.55  96.43   0.00      -  0.000
s20061 105786 535   0 3434   0    0   0   0 10896 237   0  90.52  96.87   0.00      -  0.000
s20071 84327   1   0 6550   0    0   0   0 994   4   0  98.83  92.79   0.00      -  0.000
s20081 100926 913  12 4357   0    0   0   0 10315 377  10  90.49  95.90   0.00      -  0.000
s20091 101889   0   0 4416   0    0   0   0 9154   0   0  91.76  95.85      -      -  0.000
s20101 70056 6622 358 6188   0    0   0   0 129 458  26  99.21  92.56   0.00      -  0.000
s20111 84449   3   0 6545   0    0   0   0 429   0   0  99.49  92.81   0.00      -  0.000
s20121 84599 319   0 7662   0    0   0   0  43 259   0  99.65  91.72   0.00      -  0.000
s20131 99181 352   5 3125   0    0   0   0 6209 142   1  94.00  96.96   0.00      -  0.000
s20141 105385   0   0 2123   0    0   0   0 10821   0   0  90.69  98.03      -      -  0.000
s20151 79178 101  11 7502   0    0   0   0   4  65   0  99.91  91.36   0.00      -  0.000
s20161 83233   4   1 9176   0    0   0   0 113   4   0  99.86  90.07   0.00      -  0.000
s20171 119625   2   0 5124   0    0   0   0 6433   7   0  94.89  95.89   0.00      -  0.000
s20181 102446  95   1 6746   0    0   0   0 3985  28   0  96.23  93.83   0.00      -  0.000
s20191 51471   5   0 10879   0    0   0   0 45804   2   0  52.91  82.55   0.00      -  0.000
s20201 89398   8   0 6366   0    0   0   0 1649   3   0  98.19  93.35   0.00      -  0.000
s20211 95089   7   1 5806   0    0   0   0 4237  10   0  95.72  94.25   0.00      -  0.000
s20221 107099  19   0 494   0    0   0   0 11589   8   0  90.23  99.54   0.00      -  0.000
s20231  3799   0   0 379   0    0   0   0 98875   2   1   3.70  90.93   0.00      -  0.000
s20241 88582   3   0 6064   0    0   0   0 3409   3   0  96.29  93.59   0.00      -  0.000
s20251 104447   5   0 5301   0    0   0   0 3516   2   0  96.74  95.17   0.00      -  0.000
s20261 99158 558   0 5614   0    0   0   0 2050 188   1  97.80  94.67   0.00      -  0.000
s20271 100172 5516   0 4709   0    0   0   0 5778 2377   0  92.84  95.73   0.00      -  0.000
s20272 107881 314   0 3724   0    0   0   0 9367  47   0  92.00  96.67   0.00      -  0.000
s20273 100563 437   0 6572   0    0   0   0 2534 169   0  97.39  93.89   0.00      -  0.000
s20274 106901 459   2 3607   0    0   0   0 13125 239   0  88.93  96.75   0.00      -  0.000
s20281 72800   0   0 6494   0    0   0   0   8   0   0  99.99  91.81      -      -  0.000
s20291 75711 373   0 7020   0    0   0   0 166  37   0  99.73  91.55   0.00      -  0.000
s20301 105647  22   0 7848   0    0   0   0 708   2   0  99.33  93.09   0.00      -  0.000
s20311 84492   3   0 13421   0    0   0   0 1376   0   0  98.40  86.29   0.00      -  0.000
s20321 91312  79   0 7980   0    0   0   0  74 121   0  99.79  91.97   0.00      -  0.000
s20331 83360   4   2 6444   0    0   0   0 353   2   1  99.57  92.82   0.00      -  0.000
s20341 97280  68   0 5770   0    0   0   0 2448  19   1  97.53  94.40   0.00      -  0.000
s20351 110493 511   0 1899   0    0   0   0 7970 285   0  93.08  98.32   0.00      -  0.000
s20361 101795   4   1 6455   0    0   0   0 3573   7   0  96.60  94.04   0.00      -  0.000
s20371 94272   4   0 6757   0    0   0   0 1133   1   0  98.81  93.31   0.00      -  0.000
s20381 100245  40   0 6960   0    0   0   0 2586  13   0  97.47  93.51   0.00      -  0.000
s20391 92255  40   0 4453   0    0   0   0 9862 161   6  90.20  95.40   0.00      -  0.000
s20401 73942  46   0 6292   0    0   0   0 3045  15   0  96.03  92.16   0.00      -  0.000
s20411 83796  23   0 8187   0    0   0   0 609   0   0  99.28  91.10   0.00      -  0.000
s20421 89931  69   5 6491   0    0   0   0 2554  23   0  97.22  93.27   0.00      -  0.000
s20431 96979  19   0 6181   0    0   0   0 5074  14   0  95.02  94.01   0.00      -  0.000
s20441 88248 3414   0 7220   0    0   0   0 1073   2   0  98.84  92.70   0.00      -  0.000
s20451 86767   2   0 7063   0    0   0   0 1021   1   0  98.84  92.47   0.00      -  0.000
s20461 96947   2   0 6032   0    0   0   0 1540   0   0  98.44  94.14   0.00      -  0.000
s20471 112924  36   0 6690   0    0   0   0 1965  25   1  98.27  94.41   0.00      -  0.000
s20481 90936   0   0 9841   0    0   0   0 181   0   0  99.80  90.23      -      -  0.000
s20491 94329 537   0 7259   0    0   0   0 1500 208   0  98.23  92.89   0.00      -  0.000
s20501 117073 490   1 1493   0    0   0   0 24631  12   0  82.67  98.75   0.00      -  0.000
s20511 81626   6   2 7516   0    0   0   0 762   2   0  99.07  91.57   0.00      -  0.000
s20521 74005   9   0 6582   0    0   0   0 939   4   0  98.74  91.83   0.00      -  0.000
s20531 85081  61   1 9463   0    0   0   0 1030   0   0  98.80  90.00   0.00      -  0.000
s20541 99682 343   5 3906   0    0   0   0 14126 218   1  87.46  96.24   0.00      -  0.000
s20551 98750  29   2 6497   0    0   0   0 1353  82   0  98.57  93.83   0.00      -  0.000
s20561 96774  70   1 5148   0    0   0   0 3545   1   0  96.47  94.95   0.00      -  0.000
s20571 84959 1741   4 6505   0    0   0   0 1323 511   1  97.93  93.02   0.00      -  0.000
s20581 84183  14   0 7420   0    0   0   0 400   4   0  99.52  91.90   0.00      -  0.000
s20591 83768   3   0 11015   0    0   0   0  72   0   0  99.91  88.38   0.00      -  0.000
s20601 109725   2   0 4130   0    0   0   0 6761   0   0  94.20  96.37   0.00      -  0.000
s20611 218873   0   0 8700   0    0   0   0 16571   0   0  92.96  96.18      -      -  0.000
s20621 101768 921   0 6478   0    0   0   0 8789 454   1  91.74  94.07   0.00      -  0.000
s20631 96996   0   0 5720   0    0   0   0 2645   0   0  97.35  94.43      -      -  0.000
s20641 83179 669   0 9275   0    0   0   0 471 107   0  99.32  90.04   0.00      -  0.000
s20651 101801 260   0 11017   0    0   0   0 1438  71   0  98.54  90.26   0.00      -  0.000
s30661 113883  38   1 3157   0    0   0   0 29986  22   2  79.15  97.30   0.00      -  0.000
s30671 97736  75   1 8438   0    0   0   0 643 272   1  99.07  92.06   0.00      -  0.000
s30681 109978   7   0 4238   0    0   0   0 16108   8   0  87.22  96.29   0.00      -  0.000
s30691 94416   1   0 10913   0    0   0   0 6938   0   0  93.15  89.64   0.00      -  0.000
s30701 101259   0   0 5953   0    0   0   0 5460   0   0  94.88  94.45      -      -  0.000
s30711 95382 18224   5 2604   0    0   0   0 38408 720   2  74.38  97.76   0.00      -  0.000
s30721 82678 266   0 7738   0    0   0   0 23222  68   0  78.08  91.47   0.00      -  0.000
s30731 103286  35  11 7651   0    0   0   0 2307   1   0  97.82  93.11   0.00      -  0.000
s30732 94776  24   2 6948   0    0   0   0 1440   1   0  98.50  93.17   0.00      -  0.000
s30741 113086   0   0 3146   0    0   0   0 9978   0   0  91.89  97.29      -      -  0.000
s30742 103408   0   0 2786   0    0   0   0 9909   0   0  91.26  97.38      -      -  0.000
s30751 99670 2659   7 6829   0    0   0   0 2517 796   1  96.86  93.74   0.00      -  0.000
s30752 106749 4939  16 3995   0    0   0   0 7355 1033   6  93.01  96.55   0.00      -  0.000
s30761 102743 3078  51 5617   0    0   0   0 10672 126   7  90.74  94.96   0.00      -  0.000
s30771 71775   6   0 7908   0    0   0   0 5826   0   0  92.49  90.08   0.00      -  0.000
s30781 84627 369   6 5021   0    0   0   0 24593  39   1  77.53  94.42   0.00      -  0.000
s30791 97612  43   1 7099   0    0   0   0 2416  14   0  97.57  93.22   0.00      -  0.000
s30801 68081   0   0 17799   0    0   0   0 25974   0   0  72.38  79.27      -      -  0.000
______________________________________________________________________________________
Sum  8142921 60465 523 543006   0    0   0   0 647489 12174  75
Gross                                                   92.56  93.79   0.00      -  0.000
Average                                                 93.14  93.51   0.00      -  0.000
Total QRS complexes: 8863647  Total VEBs: 72639

Summary of results from 86 records
