Record Nn' Vn' Fn' On'  Nv   Vv  Fv' Ov' No' Vo' Fo'  Q Se   Q +P   V Se   V +P  V FPR
 100  1901   1   0 200   0    0   0   0   0   0   0 100.00  90.49   0.00      -  0.000
 101  1520   0   2 148   0    0   0   0   1   0   0  99.93  91.14      -      -  0.000
 102     0   3 1817 140   0    0   0   0   1   0   0  99.95  92.86   0.00      -  0.000
 103  1729   0   0 183   0    0   0   0   0   0   0 100.00  90.43      -      -  0.000
 104    98   1 1755 189   0    0   0   0   0   0   3  99.84  90.75   0.00      -  0.000
 105  2103  29   5 385   0    0   0   0  18   0   0  99.16  84.73   0.00      -  0.000
 106  1235 430   0 135   0    0   0   0   1  30   0  98.17  92.50   0.00      -  0.000
 107     0  55 1727 491   0    0   0   0   0   2   0  99.89  78.40   0.00      -  0.000
 108  1448  13   2 585   0    0   0   0  17   0   0  98.85  71.44   0.00      -  0.000
 109  2066  31   0 447   0    0   0   0   1   1   0  99.90  82.43   0.00      -  0.000
 111  1774   1   0 367   0    0   0   0   1   0   0  99.94  82.87   0.00      -  0.000
 112  2111   0   0 272   0    0   0   0   0   0   0 100.00  88.59      -      -  0.000
 113  1505   0   0 164   0    0   0   0   1   0   0  99.93  90.17      -      -  0.000
 114  1569  30   4 173   0    0   0   0   1   0   0  99.94  90.26   0.00      -  0.000
 115  1637   0   0 177   0    0   0   0   0   0   0 100.00  90.24      -      -  0.000
 116  1900  97   0 210   0    0   0   0  19   1   0  99.01  90.48   0.00      -  0.000
 117  1284   0   0 170   0    0   0   0   0   0   0 100.00  88.31      -      -  0.000
 118  1903  13   0 216   0    0   0   0   0   0   0 100.00  89.87   0.00      -  0.000
 119  1297 364   0 200   0    0   0   0   0   0   0 100.00  89.25   0.00      -  0.000
 121  1557   1   0 312   0    0   0   0   2   0   0  99.87  83.32   0.00      -  0.000
 122  2054   0   0 360   0    0   0   0   0   0   0 100.00  85.09      -      -  0.000
 123  1266   0   0 113   0    0   0   0   0   3   0  99.76  91.81   0.00      -  0.000
 124  1315  47   5 253   0    0   0   0   0   0   0 100.00  84.38   0.00      -  0.000
 200  1461 698   1 301   0    0   0   0   5   2   1  99.63  87.77   0.00      -  0.000
 201  1271 198   2 192   0    0   0   0  50   0   0  96.71  88.45   0.00      -  0.000
 202  1811  14   1 214   0    0   0   0  44   1   0  97.59  89.51   0.00      -  0.000
 203  1949 305   2 360   0    0   0   0 154  68   3  90.93  86.24   0.00      -  0.000
 205  2123  53  10 226   0    0   0   0   2  12   1  99.32  90.63   0.00      -  0.000
 207  1472 109   0 364   0    0   0   0  11   0   0  99.31  81.29   0.00      -  0.000
 208  1299 805 301 214   0    0   0   0  11  19   2  98.69  91.83   0.00      -  0.000
 209  2454   1   0 230   0    0   0   0  64   0   0  97.46  91.43   0.00      -  0.000
 210  2022 137   9 265   0    0   0   0   8  28   0  98.37  89.11   0.00      -  0.000
 212  2285   0   0 226   0    0   0   0   0   0   0 100.00  91.00      -      -  0.000
 213  2234 193 268 272   0    0   0   0   2   2   1  99.81  90.83   0.00      -  0.000
 214  1659 210   3 235   0    0   0   0   5   2   0  99.63  88.85   0.00      -  0.000
 215  2648 121   0 174   0    0   0   0  15  10   1  99.07  94.09   0.00      -  0.000
 217   235 135 1470 427   0    0   0   0   0   5   0  99.73  81.16   0.00      -  0.000
 219  1722  51   0 230   0    0   0   0   0   0   0 100.00  88.52   0.00      -  0.000
 220  1691   0   0 169   0    0   0   0   3   0   0  99.82  90.91      -      -  0.000
 221  1704 305   0 230   0    0   0   0   0  11   0  99.46  89.73   0.00      -  0.000
 222  2058   0   0 125   0    0   0   0  58   0   0  97.26  94.27      -      -  0.000
 223  1736 443   8 237   0    0   0   0   0  12   0  99.45  90.22   0.00      -  0.000
 228  1396 301   0 302   0    0   0   0   5   1   0  99.65  84.89   0.00      -  0.000
 230  1858   1   0 244   0    0   0   0   0   0   0 100.00  88.40   0.00      -  0.000
 231  1278   0   0 104   0    0   0   0   0   0   0 100.00  92.47      -      -  0.000
 232  1485   0   0 123   0    0   0   0   0   0   0 100.00  92.35      -      -  0.000
 233  1779 681   5 302   0    0   0   0  84  11   1  96.25  89.09   0.00      -  0.000
 234  2285   0   0 271   0    0   0   0   3   3   0  99.74  89.40   0.00      -  0.000
 100  1901   1   0 200   0    0   0   0   0   0   0 100.00  90.49   0.00      -  0.000
 101  1520   0   2 148   0    0   0   0   1   0   0  99.93  91.14      -      -  0.000
 102     0   3 1817 140   0    0   0   0   1   0   0  99.95  92.86   0.00      -  0.000
 103  1729   0   0 183   0    0   0   0   0   0   0 100.00  90.43      -      -  0.000
 104    98   1 1755 189   0    0   0   0   0   0   3  99.84  90.75   0.00      -  0.000
 105  2103  29   5 385   0    0   0   0  18   0   0  99.16  84.73   0.00      -  0.000
 106  1235 430   0 135   0    0   0   0   1  30   0  98.17  92.50   0.00      -  0.000
 107     0  55 1727 491   0    0   0   0   0   2   0  99.89  78.40   0.00      -  0.000
 108  1448  13   2 585   0    0   0   0  17   0   0  98.85  71.44   0.00      -  0.000
 109  2066  31   0 447   0    0   0   0   1   1   0  99.90  82.43   0.00      -  0.000
 111  1774   1   0 367   0    0   0   0   1   0   0  99.94  82.87   0.00      -  0.000
 112  2111   0   0 272   0    0   0   0   0   0   0 100.00  88.59      -      -  0.000
 113  1505   0   0 164   0    0   0   0   1   0   0  99.93  90.17      -      -  0.000
 114  1569  30   4 173   0    0   0   0   1   0   0  99.94  90.26   0.00      -  0.000
 115  1637   0   0 177   0    0   0   0   0   0   0 100.00  90.24      -      -  0.000
 116  1900  97   0 210   0    0   0   0  19   1   0  99.01  90.48   0.00      -  0.000
 117  1284   0   0 170   0    0   0   0   0   0   0 100.00  88.31      -      -  0.000
 118  1903  13   0 216   0    0   0   0   0   0   0 100.00  89.87   0.00      -  0.000
 119  1297 364   0 200   0    0   0   0   0   0   0 100.00  89.25   0.00      -  0.000
 121  1557   1   0 312   0    0   0   0   2   0   0  99.87  83.32   0.00      -  0.000
 122  2054   0   0 360   0    0   0   0   0   0   0 100.00  85.09      -      -  0.000
 123  1266   0   0 113   0    0   0   0   0   3   0  99.76  91.81   0.00      -  0.000
 124  1315  47   5 253   0    0   0   0   0   0   0 100.00  84.38   0.00      -  0.000
 200  1461 698   1 301   0    0   0   0   5   2   1  99.63  87.77   0.00      -  0.000
 201  1271 198   2 192   0    0   0   0  50   0   0  96.71  88.45   0.00      -  0.000
 202  1811  14   1 214   0    0   0   0  44   1   0  97.59  89.51   0.00      -  0.000
 203  1949 305   2 360   0    0   0   0 154  68   3  90.93  86.24   0.00      -  0.000
 205  2123  53  10 226   0    0   0   0   2  12   1  99.32  90.63   0.00      -  0.000
 207  1472 109   0 364   0    0   0   0  11   0   0  99.31  81.29   0.00      -  0.000
 208  1299 805 301 214   0    0   0   0  11  19   2  98.69  91.83   0.00      -  0.000
 209  2454   1   0 230   0    0   0   0  64   0   0  97.46  91.43   0.00      -  0.000
 210  2022 137   9 265   0    0   0   0   8  28   0  98.37  89.11   0.00      -  0.000
 212  2285   0   0 226   0    0   0   0   0   0   0 100.00  91.00      -      -  0.000
 213  2234 193 268 272   0    0   0   0   2   2   1  99.81  90.83   0.00      -  0.000
 214  1659 210   3 235   0    0   0   0   5   2   0  99.63  88.85   0.00      -  0.000
 215  2648 121   0 174   0    0   0   0  15  10   1  99.07  94.09   0.00      -  0.000
 217   235 135 1470 427   0    0   0   0   0   5   0  99.73  81.16   0.00      -  0.000
 219  1722  51   0 230   0    0   0   0   0   0   0 100.00  88.52   0.00      -  0.000
 220  1691   0   0 169   0    0   0   0   3   0   0  99.82  90.91      -      -  0.000
 221  1704 305   0 230   0    0   0   0   0  11   0  99.46  89.73   0.00      -  0.000
 222  2058   0   0 125   0    0   0   0  58   0   0  97.26  94.27      -      -  0.000
 223  1736 443   8 237   0    0   0   0   0  12   0  99.45  90.22   0.00      -  0.000
 228  1396 301   0 302   0    0   0   0   5   1   0  99.65  84.89   0.00      -  0.000
 230  1858   1   0 244   0    0   0   0   0   0   0 100.00  88.40   0.00      -  0.000
 231  1278   0   0 104   0    0   0   0   0   0   0 100.00  92.47      -      -  0.000
 232  1485   0   0 123   0    0   0   0   0   0   0 100.00  92.35      -      -  0.000
 233  1779 681   5 302   0    0   0   0  84  11   1  96.25  89.09   0.00      -  0.000
 234  2285   0   0 271   0    0   0   0   3   3   0  99.74  89.40   0.00      -  0.000
 100  1901   1   0 200   0    0   0   0   0   0   0 100.00  90.49   0.00      -  0.000
 101  1520   0   2 148   0    0   0   0   1   0   0  99.93  91.14      -      -  0.000
 102     0   3 1817 140   0    0   0   0   1   0   0  99.95  92.86   0.00      -  0.000
 103  1729   0   0 183   0    0   0   0   0   0   0 100.00  90.43      -      -  0.000
 104    98   1 1755 189   0    0   0   0   0   0   3  99.84  90.75   0.00      -  0.000
 105  2103  29   5 385   0    0   0   0  18   0   0  99.16  84.73   0.00      -  0.000
 106  1235 430   0 135   0    0   0   0   1  30   0  98.17  92.50   0.00      -  0.000
 107     0  55 1727 491   0    0   0   0   0   2   0  99.89  78.40   0.00      -  0.000
 108  1448  13   2 585   0    0   0   0  17   0   0  98.85  71.44   0.00      -  0.000
 109  2066  31   0 447   0    0   0   0   1   1   0  99.90  82.43   0.00      -  0.000
 111  1774   1   0 367   0    0   0   0   1   0   0  99.94  82.87   0.00      -  0.000
 112  2111   0   0 272   0    0   0   0   0   0   0 100.00  88.59      -      -  0.000
 113  1505   0   0 164   0    0   0   0   1   0   0  99.93  90.17      -      -  0.000
 114  1569  30   4 173   0    0   0   0   1   0   0  99.94  90.26   0.00      -  0.000
 115  1637   0   0 177   0    0   0   0   0   0   0 100.00  90.24      -      -  0.000
 116  1900  97   0 210   0    0   0   0  19   1   0  99.01  90.48   0.00      -  0.000
 117  1284   0   0 170   0    0   0   0   0   0   0 100.00  88.31      -      -  0.000
 118  1903  13   0 216   0    0   0   0   0   0   0 100.00  89.87   0.00      -  0.000
 119  1297 364   0 200   0    0   0   0   0   0   0 100.00  89.25   0.00      -  0.000
 121  1557   1   0 312   0    0   0   0   2   0   0  99.87  83.32   0.00      -  0.000
 122  2054   0   0 360   0    0   0   0   0   0   0 100.00  85.09      -      -  0.000
 123  1266   0   0 113   0    0   0   0   0   3   0  99.76  91.81   0.00      -  0.000
 124  1315  47   5 253   0    0   0   0   0   0   0 100.00  84.38   0.00      -  0.000
 200  1461 698   1 301   0    0   0   0   5   2   1  99.63  87.77   0.00      -  0.000
 201  1271 198   2 192   0    0   0   0  50   0   0  96.71  88.45   0.00      -  0.000
 202  1811  14   1 214   0    0   0   0  44   1   0  97.59  89.51   0.00      -  0.000
 203  1949 305   2 360   0    0   0   0 154  68   3  90.93  86.24   0.00      -  0.000
 205  2123  53  10 226   0    0   0   0   2  12   1  99.32  90.63   0.00      -  0.000
 207  1472 109   0 364   0    0   0   0  11   0   0  99.31  81.29   0.00      -  0.000
 208  1299 805 301 214   0    0   0   0  11  19   2  98.69  91.83   0.00      -  0.000
 209  2454   1   0 230   0    0   0   0  64   0   0  97.46  91.43   0.00      -  0.000
 210  2022 137   9 265   0    0   0   0   8  28   0  98.37  89.11   0.00      -  0.000
 212  2285   0   0 226   0    0   0   0   0   0   0 100.00  91.00      -      -  0.000
 213  2234 193 268 272   0    0   0   0   2   2   1  99.81  90.83   0.00      -  0.000
 214  1659 210   3 235   0    0   0   0   5   2   0  99.63  88.85   0.00      -  0.000
 215  2648 121   0 174   0    0   0   0  15  10   1  99.07  94.09   0.00      -  0.000
 217   235 135 1470 427   0    0   0   0   0   5   0  99.73  81.16   0.00      -  0.000
 219  1722  51   0 230   0    0   0   0   0   0   0 100.00  88.52   0.00      -  0.000
 220  1691   0   0 169   0    0   0   0   3   0   0  99.82  90.91      -      -  0.000
 221  1704 305   0 230   0    0   0   0   0  11   0  99.46  89.73   0.00      -  0.000
 222  2058   0   0 125   0    0   0   0  58   0   0  97.26  94.27      -      -  0.000
 223  1736 443   8 237   0    0   0   0   0  12   0  99.45  90.22   0.00      -  0.000
 228  1396 301   0 302   0    0   0   0   5   1   0  99.65  84.89   0.00      -  0.000
 230  1858   1   0 244   0    0   0   0   0   0   0 100.00  88.40   0.00      -  0.000
 231  1278   0   0 104   0    0   0   0   0   0   0 100.00  92.47      -      -  0.000
 232  1485   0   0 123   0    0   0   0   0   0   0 100.00  92.35      -      -  0.000
 233  1779 681   5 302   0    0   0   0  84  11   1  96.25  89.09   0.00      -  0.000
 234  2285   0   0 271   0    0   0   0   3   3   0  99.74  89.40   0.00      -  0.000
______________________________________________________________________________________
Sum  231561 17631 22191 35781   0    0   0   0 1761 672  39
Gross                                                   99.10  88.35   0.00      -  0.000
Average                                                 99.21  88.38   0.00      -  0.000
Total QRS complexes: 273855  Total VEBs: 18303

Summary of results from 144 records
